BEGIN
5.000000000000000000e+07 3.433382041294464337e-01 1.131115891170447613e-01
5.100000000000000000e+07 3.246595716468131387e-01 2.764065670311140199e-02
5.200000000000000000e+07 2.906602420372358386e-01 -4.541950430382516585e-02
5.300000000000000000e+07 2.457465937871741446e-01 -1.043911314711440663e-01
5.400000000000000000e+07 1.939275009687232709e-01 -1.488198935006845858e-01
5.500000000000000000e+07 1.387166072054399624e-01 -1.788683776037319761e-01
5.600000000000000000e+07 8.313740170091719894e-02 -1.955013828016498034e-01
5.700000000000000000e+07 2.943159868259461603e-02 -2.000864143623559688e-01
5.800000000000000000e+07 -2.043605149559587705e-02 -1.942996411718643512e-01
5.900000000000000000e+07 -6.522566885846546592e-02 -1.797464366537137592e-01
6.000000000000000000e+07 -1.037716739464576432e-01 -1.581476790982402070e-01
6.100000000000000000e+07 -1.356515476704442669e-01 -1.311199567728068838e-01
6.200000000000000000e+07 -1.604297593937199506e-01 -1.001071331402737657e-01
6.300000000000000000e+07 -1.782423272630417888e-01 -6.660700626971299831e-02
6.400000000000000000e+07 -1.891909533449904202e-01 -3.182821632150568958e-02
6.500000000000000000e+07 -1.935190670090413956e-01 3.005118900714623311e-03
6.600000000000000000e+07 -1.917134551793842900e-01 3.693795685567487913e-02
6.700000000000000000e+07 -1.842096685044605497e-01 6.913969299750646891e-02
6.800000000000000000e+07 -1.715737041520672690e-01 9.895596749931313829e-02
6.900000000000000000e+07 -1.545808737783894438e-01 1.256799346892407965e-01
7.000000000000000000e+07 -1.338203327869435244e-01 1.489124240676982514e-01
7.100000000000000000e+07 -1.100195461352582449e-01 1.680539526742223511e-01
7.200000000000000000e+07 -8.383676218736922647e-02 1.829908269466492543e-01
7.300000000000000000e+07 -5.586514709749797192e-02 1.935225815274493055e-01
7.400000000000000000e+07 -2.685021574349431492e-02 1.995883145505062961e-01
7.500000000000000000e+07 2.522778422897782157e-03 2.011786086222552561e-01
7.600000000000000000e+07 3.161601560262902039e-02 1.984223395429372538e-01
7.700000000000000000e+07 5.979109119940080597e-02 1.914133815545701056e-01
7.800000000000000000e+07 8.650078327759957997e-02 1.803205963945024304e-01
7.900000000000000000e+07 1.112634945945943227e-01 1.655069232488380337e-01
8.000000000000000000e+07 1.336293874537920479e-01 1.473058181789516086e-01
8.100000000000000000e+07 1.531439648581274793e-01 1.261034625700037659e-01
8.200000000000000000e+07 1.694400296310774601e-01 1.023777667178943918e-01
8.300000000000000000e+07 1.821713533646855399e-01 7.649831433353669607e-02
8.400000000000000000e+07 1.910997634797283462e-01 4.903852448533076863e-02
8.500000000000000000e+07 1.961756872243718697e-01 2.045978900578395224e-02
8.600000000000000000e+07 1.972006854918226249e-01 -8.622297006450547682e-03
8.700000000000000000e+07 1.941730625107939423e-01 -3.766131184910596202e-02
8.800000000000000000e+07 1.870887780395226740e-01 -6.609487700070509897e-02
8.900000000000000000e+07 1.760424298175957969e-01 -9.343923862667614932e-02
9.000000000000000000e+07 1.611280482388453283e-01 -1.191987302786252090e-01
9.100000000000000000e+07 1.427040850640448055e-01 -1.428770115382366757e-01
9.200000000000000000e+07 1.210602796347350213e-01 -1.640249631980678358e-01
9.300000000000000000e+07 9.652430865530946258e-02 -1.821815726854962569e-01
9.400000000000000000e+07 6.955304867952458170e-02 -1.969280100385820687e-01
9.500000000000000000e+07 4.046109121832466154e-02 -2.079534017630724763e-01
9.600000000000000000e+07 9.758215778961064693e-03 -2.150145602629698893e-01
9.700000000000000000e+07 -2.196886922796219277e-02 -2.179619052946941693e-01
9.800000000000000000e+07 -5.426489102576614182e-02 -2.166552787782575207e-01
9.900000000000000000e+07 -8.647631937233359045e-02 -2.110290487074457377e-01
1.000000000000000000e+08 -1.180346835649019044e-01 -2.009511290696703312e-01
1.010000000000000000e+08 -1.484135483597324168e-01 -1.866635546657020028e-01
1.020000000000000000e+08 -1.771451703508620523e-01 -1.682315261741247348e-01
1.030000000000000000e+08 -2.036009138179176170e-01 -1.459531554488391614e-01
1.040000000000000000e+08 -2.273386751231817604e-01 -1.201220858446660211e-01
1.050000000000000000e+08 -2.477485305468866139e-01 -9.102575588655398287e-02
1.060000000000000000e+08 -2.645776636646259283e-01 -5.913202102311285180e-02
1.070000000000000000e+08 -2.773570413050686079e-01 -2.470246014427830358e-02
1.080000000000000000e+08 -2.859530403701032730e-01 1.155123273198244496e-02
1.090000000000000000e+08 -2.900418001633820464e-01 4.913548546643389109e-02
1.100000000000000000e+08 -2.895135922918980476e-01 8.735428031522092518e-02
1.110000000000000000e+08 -2.842344018700810881e-01 1.257275881934696582e-01
1.120000000000000000e+08 -2.739978132487000395e-01 1.635659143493315149e-01
1.130000000000000000e+08 -2.590518291432501452e-01 2.004477501883946966e-01
1.140000000000000000e+08 -2.394955415046550462e-01 2.357738949653854221e-01
1.150000000000000000e+08 -2.156248731462536150e-01 2.690002864456406684e-01
1.160000000000000000e+08 -1.876823798772689622e-01 2.994211173895519607e-01
1.170000000000000000e+08 -1.560920438453217429e-01 3.265104858194045057e-01
1.180000000000000000e+08 -1.211334136325176725e-01 3.498317946365915865e-01
1.190000000000000000e+08 -8.323482053534783653e-02 3.690232567917861028e-01
1.200000000000000000e+08 -4.292433060664072042e-02 3.837460334865709366e-01
1.210000000000000000e+08 -8.210383756520040323e-04 3.937257049337790638e-01
1.220000000000000000e+08 4.244667498882384593e-02 3.987142976695882135e-01
1.230000000000000000e+08 8.628875502321538271e-02 3.985324880882086251e-01
1.240000000000000000e+08 1.301325077586918955e-01 3.930622989755412910e-01
1.250000000000000000e+08 1.732136426430472553e-01 3.823087812848669498e-01
1.260000000000000000e+08 2.151100802678024559e-01 3.663473695367240324e-01
1.270000000000000000e+08 2.549072914409922230e-01 3.453487876278800717e-01
1.280000000000000000e+08 2.920264144601690814e-01 3.194049874486684093e-01
1.290000000000000000e+08 3.257682563427627964e-01 2.888679557485173133e-01
1.300000000000000000e+08 3.555692100641365538e-01 2.537883432391388472e-01
1.310000000000000000e+08 3.808024073749626259e-01 2.148106783617769466e-01
1.320000000000000000e+08 4.010224574243738127e-01 1.723206235662659846e-01
1.330000000000000000e+08 4.153720302678247100e-01 1.269558172894513781e-01
1.340000000000000000e+08 4.233160729210815876e-01 7.948853244473423618e-02
1.350000000000000000e+08 4.240238402610764235e-01 3.038890092278366192e-02
1.360000000000000000e+08 4.169611368524489547e-01 -1.939437256372926813e-02
1.370000000000000000e+08 4.012841076278246821e-01 -6.907591271729897342e-02
1.380000000000000000e+08 3.764599295545096869e-01 -1.171882242219899617e-01
1.390000000000000000e+08 3.414908465445413710e-01 -1.622685126846622472e-01
1.400000000000000000e+08 2.952875437582217488e-01 -2.018875087262954338e-01
1.410000000000000000e+08 2.366851310048135593e-01 -2.327445016578979786e-01
1.420000000000000000e+08 1.644538125701529574e-01 -2.502413008009153894e-01
1.430000000000000000e+08 7.796713675467066562e-02 -2.468050170209551142e-01
1.440000000000000000e+08 -2.049103240290637423e-02 -2.100053392546977482e-01
1.450000000000000000e+08 -1.209082386209683474e-01 -1.200362099906749358e-01
1.460000000000000000e+08 -1.896504699056537069e-01 4.916052178553827201e-02
1.470000000000000000e+08 -1.436878830610349711e-01 2.986082442060030706e-01
1.480000000000000000e+08 1.163385436934854522e-01 5.088456806006020905e-01
1.490000000000000000e+08 4.888476229463260547e-01 4.658661719112615618e-01
1.500000000000000000e+08 7.140840661751942653e-01 2.045297343269207313e-01
1.510000000000000000e+08 7.438239336365740639e-01 -7.528996929312645192e-02
1.520000000000000000e+08 6.674236607115217046e-01 -2.826256407520091329e-01
1.530000000000000000e+08 5.549217821205585377e-01 -4.181986753556077852e-01
1.540000000000000000e+08 4.365712029714084452e-01 -5.014935102469662009e-01
1.550000000000000000e+08 3.237516535140974594e-01 -5.491307991756000373e-01
1.560000000000000000e+08 2.195486952747136844e-01 -5.719000819413153636e-01
1.570000000000000000e+08 1.249933220814756774e-01 -5.767862787147542969e-01
1.580000000000000000e+08 3.988552694894809819e-02 -5.685161550055585211e-01
1.590000000000000000e+08 -3.585441473315186672e-02 -5.504499108728913015e-01
1.600000000000000000e+08 -1.026852402217255100e-01 -5.250547374893309582e-01
1.610000000000000000e+08 -1.609589923074584983e-01 -4.943143776972261927e-01
1.620000000000000000e+08 -2.112474573069365036e-01 -4.597389509256624707e-01
1.630000000000000000e+08 -2.540689567625388223e-01 -4.226508908614125537e-01
1.640000000000000000e+08 -2.901213388462965392e-01 -3.840768634605403187e-01
1.650000000000000000e+08 -3.198909116259266439e-01 -3.448567932461498176e-01
1.660000000000000000e+08 -3.440441610231184666e-01 -3.055563806790888015e-01
1.670000000000000000e+08 -3.629085315908045506e-01 -2.666211386941083616e-01
1.680000000000000000e+08 -3.770016700354677508e-01 -2.284506727057145081e-01
1.690000000000000000e+08 -3.865720462948233904e-01 -1.912219598928758812e-01
1.700000000000000000e+08 -3.920388612769253323e-01 -1.554724108670577920e-01
1.710000000000000000e+08 -3.937276324950341744e-01 -1.213668670914956477e-01
1.720000000000000000e+08 -3.919640835773996468e-01 -8.945983312611947846e-02
1.730000000000000000e+08 -3.871617202611182251e-01 -5.993048606540319484e-02
1.740000000000000000e+08 -3.796990960012148753e-01 -3.310746626457438530e-02
1.750000000000000000e+08 -3.701361106230020570e-01 -8.935945841231720393e-03
1.760000000000000000e+08 -3.588351021585702294e-01 1.245531613038486016e-02
1.770000000000000000e+08 -3.464111246436151204e-01 3.117905369263196044e-02
1.780000000000000000e+08 -3.331178131802320364e-01 4.726414432117179848e-02
1.790000000000000000e+08 -3.194252314754330579e-01 6.082764694486939711e-02
1.800000000000000000e+08 -3.055065553963311475e-01 7.207454296319658338e-02
1.810000000000000000e+08 -2.916300263869603948e-01 8.108114942019499505e-02
1.820000000000000000e+08 -2.779292968890559323e-01 8.820957713855982762e-02
1.830000000000000000e+08 -2.645726489474840015e-01 9.360704896902702354e-02
1.840000000000000000e+08 -2.516544534894487040e-01 9.754165148431805099e-02
1.850000000000000000e+08 -2.392149277080561909e-01 1.001216294607208956e-01
1.860000000000000000e+08 -2.273412202469146104e-01 1.015309421684295055e-01
1.870000000000000000e+08 -2.160054434536899937e-01 1.018494793837813189e-01
1.880000000000000000e+08 -2.052496387738154127e-01 1.011871522599594592e-01
1.890000000000000000e+08 -1.950577655645683028e-01 9.966246663035581432e-02
1.900000000000000000e+08 -1.854585781600499861e-01 9.738802552062736373e-02
1.910000000000000000e+08 -1.764531354949715469e-01 9.446862474393308284e-02
1.920000000000000000e+08 -1.680806534653756790e-01 9.097461878695312087e-02
1.930000000000000000e+08 -1.603148946480141002e-01 8.702103481262207785e-02
1.940000000000000000e+08 -1.531824038601439508e-01 8.266601161017662902e-02
1.950000000000000000e+08 -1.466520401827871023e-01 7.800564432403522819e-02
1.960000000000000000e+08 -1.407235272465576226e-01 7.311368607602070080e-02
1.970000000000000000e+08 -1.353597952137312599e-01 6.807942951711637436e-02
1.980000000000000000e+08 -1.305525812207977421e-01 6.296946673413228446e-02
1.990000000000000000e+08 -1.262657061158811156e-01 5.786172549677048166e-02
2.000000000000000000e+08 -1.224740909928817983e-01 5.280770069901030705e-02
